target_rRNA_label	probe_ID	probe_sequence
GCA_001418495.1_16S	GCA_001418495.1_16S_0	AAGGGGTTGGGCCACCGGCTTCGGGTGTTACCGACTTTCGTGACGTGACGGGCGGTGTGTACA
GCA_001418495.1_16S	GCA_001418495.1_16S_1	AGGCCCGGGAACGTATTCACCGCAGCAATGCTGATCTGCGATTACTAGCG
GCA_001418495.1_16S	GCA_001418495.1_16S_2	ACTCCAACTTCATGGGGTCGAGTTGCAGACCCCAATCCGAACTGAGACCG
GCA_001418495.1_16S	GCA_001418495.1_16S_3	GCTTTTTGAGATTCGCTCCACCTCACGGCATCGCAGCTCATTGTACCGGC
GCA_001418495.1_16S	GCA_001418495.1_16S_4	CATTGTAGCACGTGTGCAGCCCAAGACATAAGGGGCATGATGACTTGACG
GCA_001418495.1_16S	GCA_001418495.1_16S_5	TCGTCCCCACCTTCCTCCGAGTTGACCCCGGCGGTCTCCCGTGAGTCCCC
GCA_001418495.1_16S	GCA_001418495.1_16S_6	AGCACCACAAGGGCCTGCTGGCAACACGAGACAAGGGTTGCGCTCGTTGC
GCA_001418495.1_16S	GCA_001418495.1_16S_7	GGGACTTAACCCAACATCTCACGACACGAGCTGACGACAGCCATGCACCA
GCA_001418495.1_16S	GCA_001418495.1_16S_8	CCTGTACACCGACCACAAGGGGGACCCTGTCTCCAGGGTTTTCCGGTGTA
GCA_001418495.1_16S	GCA_001418495.1_16S_9	TGTCAAGCCTTGGTAAGGTTCTTCGCGTTGCGTCGAATTAAGCCACATGC
GCA_001418495.1_16S	GCA_001418495.1_16S_10	TCCGCCGCTTGTGCGGGCCCCCGTCAATTCCTTTGAGTTTTAGCCTTGCG
GCA_001418495.1_16S	GCA_001418495.1_16S_11	GCCGTACTCCCCAGGCGGGGAACTTAATGCGTTAGCTGCGGCACGGACCA
GCA_001418495.1_16S	GCA_001418495.1_16S_12	CGTGGAATGTGACCCACACCTAGTTCCCAACGTTTACGGCGTGGACTACC
GCA_001418495.1_16S	GCA_001418495.1_16S_13	AGGGTATCTAATCCTGTTCGCTCCCCACGCTTTCGCTCCTCAGCGTCAGT
GCA_001418495.1_16S	GCA_001418495.1_16S_14	ATCGGCCCAGAGATCCGCCTTCGCCACCGGTGTTCCTCCTGATATCTGCG
GCA_001418495.1_16S	GCA_001418495.1_16S_15	CATTTCACCGCTACACCAGGAATTCCGATCTCCCCTACCGAACTCTAGCC
GCA_001418495.1_16S	GCA_001418495.1_16S_16	TGCCCGTATCGACTGCAGACCCGGGGTTAAGCCCCGGGCTTTCACAACCG
GCA_001418495.1_16S	GCA_001418495.1_16S_17	ACGCAACAAGCCGCCTACGAGCTCTTTACGCCCAATAATTCCGGACAACG
GCA_001418495.1_16S	GCA_001418495.1_16S_18	CTCGCGCCCTACGTATTACCGCGGCTGCTGGCACGTAGTTAGCCGGCGCT
GCA_001418495.1_16S	GCA_001418495.1_16S_19	TCTTCTGCAGGTACCGTCACTTACGCTTCTTCCCTGCTGAAAGAGGTTTA
GCA_001418495.1_16S	GCA_001418495.1_16S_20	CAACCCGAAGGCCGTCATCCCTCACGCGGCGTCGCTGCATCAGGCTTTCG
GCA_001418495.1_16S	GCA_001418495.1_16S_21	CCCATTGTGCAATATTCCCCACTGCTGCCTCCCGTAGGAGTCTGGGCCGT
GCA_001418495.1_16S	GCA_001418495.1_16S_22	GTCTCAGTCCCAGTGTGGCCGGTCGCCCTCTCAGGCCGGCTACCCGTCGT
GCA_001418495.1_16S	GCA_001418495.1_16S_23	CGCCTTGGTAGGCCATCACCCCACCAACAAGCTGATAGGCCGCGGGCTCA
GCA_001418495.1_16S	GCA_001418495.1_16S_24	TCCTGCACCGCCGGAGCTTTCCACCAACCACCATGCGGAAATTGGTCATA
GCA_001418495.1_16S	GCA_001418495.1_16S_25	TCCGGTATTAGACCCCGTTTCCAGGGCTTGTCCCAGAGTGCAGGGCAGAT
GCA_001418495.1_16S	GCA_001418495.1_16S_26	TGCCCACGTGTTACTCACCCGTTCGCCACTAATCCACCCCGAAAGGCTTC
GCA_001418495.1_16S	GCA_001418495.1_16S_27	ATCGTTCGACTTGCATGTGTTAAGCACGCCGCCAGCGTTCGTCCTGAGCCAGGATCAAACTCT
GCA_001418495.1_23S	GCA_001418495.1_23S_0	GAGGACAAGCCCTCGGCCTATTAGTACCAGTCACCTCCACCCGTTACCAGGCTTCCAGATCT
GCA_001418495.1_23S	GCA_001418495.1_23S_1	GGCCTATCAACCCAGTCGTCTACTGGGAGCCTTACCCCATCAAGTGGGTG
GCA_001418495.1_23S	GCA_001418495.1_23S_2	GGAGCCCTCATCTCGAAGCAGGCTTCCCGCTTAGATGCTTTCAGCGGTTA
GCA_001418495.1_23S	GCA_001418495.1_23S_3	TCCCTCCCGAACGTAGCAAACCAGCCATGCCCTTGGCAGAACAACTGGCA
GCA_001418495.1_23S	GCA_001418495.1_23S_4	CACCAGAGGTCCGTCCGTCCCGGTCCTCTCGTACTAGGGACAGCCCTTCT
GCA_001418495.1_23S	GCA_001418495.1_23S_5	CAAGACTCCTACGCGCACAGCGGATAGGGACCGAACTGTCTCACGACGTT
GCA_001418495.1_23S	GCA_001418495.1_23S_6	CTAAACCCAGCTCGCGTACCGCTTTAATGGGCGAACAGCCCAACCCTTGG
GCA_001418495.1_23S	GCA_001418495.1_23S_7	GACCGACTCCAGCCCCAGGATGCGACGAGCCGACATCGAGGTGCCAAACC
GCA_001418495.1_23S	GCA_001418495.1_23S_8	ATCCCGTCGATATGGACTCTTGGGGAAGATCAGCCTGTTATCCCCGGGGT
GCA_001418495.1_23S	GCA_001418495.1_23S_9	ACCTTTTATCCGTTGAGCGACGGCGCTTCCACAAGCCACCGCCGGATCAC
GCA_001418495.1_23S	GCA_001418495.1_23S_10	TAGTCCCGACTTTCGTCCCTGCTCGACCCGTCAGTCTCACAGTCAAGCTC
GCA_001418495.1_23S	GCA_001418495.1_23S_11	CCTTGTGCACTTACACTCAACACCTGATTACCAACCAGGCTGAGGGAACC
GCA_001418495.1_23S	GCA_001418495.1_23S_12	TTTGGGCGCCTCCGTTACCCTTTAGGAGGCAACCGCCCCAGTTAAACTAC
GCA_001418495.1_23S	GCA_001418495.1_23S_13	CCACCAGACACTGTCCCTGATCCGGATCACGGACCCAGGTTAGACATCCA
GCA_001418495.1_23S	GCA_001418495.1_23S_14	GCACGACCAGAGTGGTATTTCAACAACGACTCCACAACCACTGGCGTGGC
GCA_001418495.1_23S	GCA_001418495.1_23S_15	CGCTTCACAGTCTCCCACCTATCCTACACAAGCCGAACCGAACACCAATA
GCA_001418495.1_23S	GCA_001418495.1_23S_16	TCAAGCTATAGTAAAGGTCCCGGGGTCTTTCCGTCCTGCTGCGCGAAACG
GCA_001418495.1_23S	GCA_001418495.1_23S_17	AGCATCTTTACTCGTAATGCAATTTCACCGGGCCTATGGTTGAGACAGTC
GCA_001418495.1_23S	GCA_001418495.1_23S_18	GAGAAGTCGTTACGCCATTCGTGCAGGTCGGAACTTACCCGACAAGGAAT
GCA_001418495.1_23S	GCA_001418495.1_23S_19	TTCGCTACCTTAGGATGGTTATAGTTACCACCGCCGTTTACTGGCGCTTA
GCA_001418495.1_23S	GCA_001418495.1_23S_20	AGTTCTCAGCCTCGCCCCACCGAAATAGAGCTAACCGGTCCCCTTAACGT
GCA_001418495.1_23S	GCA_001418495.1_23S_21	TCCAGCACCGGGCAGGCGTCAGTCCGTATACATCGCCTTACAGCTTCGCA
GCA_001418495.1_23S	GCA_001418495.1_23S_22	CGGACCTGTGTTTTTAGTAAACAGTCGCTTCTCGCTGGTCTCTGCGGCCA
GCA_001418495.1_23S	GCA_001418495.1_23S_23	CCACCAGCTCAAGGAGTAAATCCCATCACCAGCAATGGCCCCCCTTCTCC
GCA_001418495.1_23S	GCA_001418495.1_23S_24	CGAAGTTACGGGGGCATTTTGCCGAGTTCCTTAACCATAGTTCACCCGAA
GCA_001418495.1_23S	GCA_001418495.1_23S_25	CGCCTCGGTATTCTCTACCAGACCACCTGAGTCGGTTTAGGGTACGGGCC
GCA_001418495.1_23S	GCA_001418495.1_23S_26	GCCACAAAACTCGCTAGAGGCTTTTCTCGACAGCATAGGATCATCCACTT
GCA_001418495.1_23S	GCA_001418495.1_23S_27	CACCACAATCGGCTCGGCATCAGGTCTCAGCCTTTAATGTGTGACGGATT
GCA_001418495.1_23S	GCA_001418495.1_23S_28	TACCTACCACACGGCCTACACCCTTACCCCGGGACAACCACCGCCCGGGC
GCA_001418495.1_23S	GCA_001418495.1_23S_29	TGGACTACCTTCCTGCGTCACCCCATCACTCACCTACTACCAGTCTGGGC
GCA_001418495.1_23S	GCA_001418495.1_23S_30	CACCGGCTCCACCACTCCCCCTCACTCCAAAGAGATCAGAGGCGGCTTCA
GCA_001418495.1_23S	GCA_001418495.1_23S_31	CGGGCTTAGCATCGCTGGATTCAGCGTTGACGCTTCATAGCGGGTACCGG
GCA_001418495.1_23S	GCA_001418495.1_23S_32	AATATCAACCGGTTGTCCATCGACTACGCCTGTCGGCCTCGCCTTAGGTC
GCA_001418495.1_23S	GCA_001418495.1_23S_33	CCGACTTACCCTGGGCAGATCAGCTTGACCCAGGAACCCTTAGTCAATCG
GCA_001418495.1_23S	GCA_001418495.1_23S_34	GCGCACACGTTTCCCACGTGTGAATCGCTACTCATGCCTGCATTCTCACT
GCA_001418495.1_23S	GCA_001418495.1_23S_35	CGTGAACCATCCACAACTCCCTTACGAGGCTGCTTCACCCGGCACACGAC
GCA_001418495.1_23S	GCA_001418495.1_23S_36	GCTCCCCTACCCAACCCAACAAGCGTTAGCCCTACACGTTGGATTGACAC
GCA_001418495.1_23S	GCA_001418495.1_23S_37	GACTTCGGCGGTACGCTTGAGCCCCGCTACATTGTCGGCGCAGAATCACT
GCA_001418495.1_23S	GCA_001418495.1_23S_38	TGACCAGTGAGCTATTACGCACTCTTTCAAGGATGGCTGCTTCTAAGCCA
GCA_001418495.1_23S	GCA_001418495.1_23S_39	ACCTCCTGGTTGTCTCTGCGACTCCACATCCTTTCCCACTTAGCGCACGC
GCA_001418495.1_23S	GCA_001418495.1_23S_40	TTAGGGGCCTTAGTCGATGCTCTGGGCTGTTTCCCTCTCGACCATGGAGC
GCA_001418495.1_23S	GCA_001418495.1_23S_41	TTATCCCCCACAGTCTCACTGCCGCGCTCTCACTTACCGGCATTCGGAGT
GCA_001418495.1_23S	GCA_001418495.1_23S_42	TTGGCTAAGGTCAGTAACCCGATAAGGCCCATCGCCTATCCAGTGCTCTA
GCA_001418495.1_23S	GCA_001418495.1_23S_43	CCTCCGGCAAGAAACACACGACGCTGCACCTAAATGCATTTCGGGGAGAA
GCA_001418495.1_23S	GCA_001418495.1_23S_44	CCAGCTATCACGGAGTTTGATTGGCCTTTCACCCCTAACCACAGGTCATC
GCA_001418495.1_23S	GCA_001418495.1_23S_45	CCCCAGGTTTTCAACCCTGGTGGGTTCGGTCCTCCACGACCTCTTACAGC
GCA_001418495.1_23S	GCA_001418495.1_23S_46	CGCTTCAACCTGCCCATGGCTAGATCACTCCGCTTCGGGTCTAGAGCATG
GCA_001418495.1_23S	GCA_001418495.1_23S_47	CAACTCAAACGCCCTCTTCGGACTCGCTTTCGCTACGGCTACCCCACACG
GCA_001418495.1_23S	GCA_001418495.1_23S_48	GGTTAACCTCGCTACACACCGCTAACTCGCAGGCTCATTCTTCAAAAGGC
GCA_001418495.1_23S	GCA_001418495.1_23S_49	ACGCAGTCACGACACAAGAAACAAGTTCCTTGTGCGACGCTCCCACGGCT
GCA_001418495.1_23S	GCA_001418495.1_23S_50	TGTAGGCACACGGTTTCAGGTACTATTTCACTCCGCTCCCGCGGTACTTT
GCA_001418495.1_23S	GCA_001418495.1_23S_51	TCACCATTCCCTCACGGTACTATCCGCTATCGGTCACCAGGGAATATTTA
GCA_001418495.1_23S	GCA_001418495.1_23S_52	GGCTTAACGGGTGGTCCCGCCAGATTCACACAGGATTTCTCGGGCCCCGT
GCA_001418495.1_23S	GCA_001418495.1_23S_53	GCTACTTGGGTGTTCTCCAAACGAGCCGTACAGATTTCAGCTACGGGGGT
GCA_001418495.1_23S	GCA_001418495.1_23S_54	CTTACCCTCTACGCCGGGCCTTTCGCATGCCCTTCGCCTACCCATACGGT
GCA_001418495.1_23S	GCA_001418495.1_23S_55	TTCTCACTCGCCTCACAGCCGGCAGACCATGAAAGAAGAATCCCACGACC
GCA_001418495.1_23S	GCA_001418495.1_23S_56	CCGCATGCGCAACCCCTGCCGGGTATCACACACATACGGTTTAGCCTCAT
GCA_001418495.1_23S	GCA_001418495.1_23S_57	CCAGTTTCGCTCGCCACTACTCCCGGAATCACGGTTGTTTTCTCTTCCTG
GCA_001418495.1_23S	GCA_001418495.1_23S_58	CGGGTACTGAGATGTTTCACTTCCCCGCGTTCCCTCCACATGCCCTATGT
GCA_001418495.1_23S	GCA_001418495.1_23S_59	GTTCAGGCATGGGTGACAGCCCATGACGACTGCCGGGTTTCCCCATTCGG
GCA_001418495.1_23S	GCA_001418495.1_23S_60	ACACCCCCGGATCACAGCTCGGTTGACAGCTCCCCGGGGCCTATCGCGGC
GCA_001418495.1_23S	GCA_001418495.1_23S_61	CTCCCACGTCCTTCATCGGTTCCTGGTACCAAGGCATCCACCGTGCGCCCTTAAAAACTTGG
